1000
1 2 1
2 3 1
3 4 1
4 5 1
5 6 1
6 7 1
7 8 1
8 9 1
9 10 1
10 11 1
11 12 1
12 13 1
13 14 1
14 15 1
15 16 1
16 17 1
17 18 1
18 19 1
19 20 1
20 21 1
21 22 1
22 23 1
23 24 1
24 25 1
25 26 1
26 27 1
27 28 1
28 29 1
29 30 1
30 31 1
31 32 1
32 33 1
33 34 1
34 35 1
35 36 1
36 37 1
37 38 1
38 39 1
39 40 1
40 41 1
41 42 1
42 43 1
43 44 1
44 45 1
45 46 1
46 47 1
47 48 1
48 49 1
49 50 1
50 51 1
51 52 1
52 53 1
53 54 1
54 55 1
55 56 1
56 57 1
57 58 1
58 59 1
59 60 1
60 61 1
61 62 1
62 63 1
63 64 1
64 65 1
65 66 1
66 67 1
67 68 1
68 69 1
69 70 1
70 71 1
71 72 1
72 73 1
73 74 1
74 75 1
75 76 1
76 77 1
77 78 1
78 79 1
79 80 1
80 81 1
81 82 1
82 83 1
83 84 1
84 85 1
85 86 1
86 87 1
87 88 1
88 89 1
89 90 1
90 91 1
91 92 1
92 93 1
93 94 1
94 95 1
95 96 1
96 97 1
97 98 1
98 99 1
99 100 1
100 101 1
101 102 1
102 103 1
103 104 1
104 105 1
105 106 1
106 107 1
107 108 1
108 109 1
109 110 1
110 111 1
111 112 1
112 113 1
113 114 1
114 115 1
115 116 1
116 117 1
117 118 1
118 119 1
119 120 1
120 121 1
121 122 1
122 123 1
123 124 1
124 125 1
125 126 1
126 127 1
127 128 1
128 129 1
129 130 1
130 131 1
131 132 1
132 133 1
133 134 1
134 135 1
135 136 1
136 137 1
137 138 1
138 139 1
139 140 1
140 141 1
141 142 1
142 143 1
143 144 1
144 145 1
145 146 1
146 147 1
147 148 1
148 149 1
149 150 1
150 151 1
151 152 1
152 153 1
153 154 1
154 155 1
155 156 1
156 157 1
157 158 1
158 159 1
159 160 1
160 161 1
161 162 1
162 163 1
163 164 1
164 165 1
165 166 1
166 167 1
167 168 1
168 169 1
169 170 1
170 171 1
171 172 1
172 173 1
173 174 1
174 175 1
175 176 1
176 177 1
177 178 1
178 179 1
179 180 1
180 181 1
181 182 1
182 183 1
183 184 1
184 185 1
185 186 1
186 187 1
187 188 1
188 189 1
189 190 1
190 191 1
191 192 1
192 193 1
193 194 1
194 195 1
195 196 1
196 197 1
197 198 1
198 199 1
199 200 1
200 201 1
201 202 1
202 203 1
203 204 1
204 205 1
205 206 1
206 207 1
207 208 1
208 209 1
209 210 1
210 211 1
211 212 1
212 213 1
213 214 1
214 215 1
215 216 1
216 217 1
217 218 1
218 219 1
219 220 1
220 221 1
221 222 1
222 223 1
223 224 1
224 225 1
225 226 1
226 227 1
227 228 1
228 229 1
229 230 1
230 231 1
231 232 1
232 233 1
233 234 1
234 235 1
235 236 1
236 237 1
237 238 1
238 239 1
239 240 1
240 241 1
241 242 1
242 243 1
243 244 1
244 245 1
245 246 1
246 247 1
247 248 1
248 249 1
249 250 1
250 251 1
251 252 1
252 253 1
253 254 1
254 255 1
255 256 1
256 257 1
257 258 1
258 259 1
259 260 1
260 261 1
261 262 1
262 263 1
263 264 1
264 265 1
265 266 1
266 267 1
267 268 1
268 269 1
269 270 1
270 271 1
271 272 1
272 273 1
273 274 1
274 275 1
275 276 1
276 277 1
277 278 1
278 279 1
279 280 1
280 281 1
281 282 1
282 283 1
283 284 1
284 285 1
285 286 1
286 287 1
287 288 1
288 289 1
289 290 1
290 291 1
291 292 1
292 293 1
293 294 1
294 295 1
295 296 1
296 297 1
297 298 1
298 299 1
299 300 1
300 301 1
301 302 1
302 303 1
303 304 1
304 305 1
305 306 1
306 307 1
307 308 1
308 309 1
309 310 1
310 311 1
311 312 1
312 313 1
313 314 1
314 315 1
315 316 1
316 317 1
317 318 1
318 319 1
319 320 1
320 321 1
321 322 1
322 323 1
323 324 1
324 325 1
325 326 1
326 327 1
327 328 1
328 329 1
329 330 1
330 331 1
331 332 1
332 333 1
333 334 1
334 335 1
335 336 1
336 337 1
337 338 1
338 339 1
339 340 1
340 341 1
341 342 1
342 343 1
343 344 1
344 345 1
345 346 1
346 347 1
347 348 1
348 349 1
349 350 1
350 351 1
351 352 1
352 353 1
353 354 1
354 355 1
355 356 1
356 357 1
357 358 1
358 359 1
359 360 1
360 361 1
361 362 1
362 363 1
363 364 1
364 365 1
365 366 1
366 367 1
367 368 1
368 369 1
369 370 1
370 371 1
371 372 1
372 373 1
373 374 1
374 375 1
375 376 1
376 377 1
377 378 1
378 379 1
379 380 1
380 381 1
381 382 1
382 383 1
383 384 1
384 385 1
385 386 1
386 387 1
387 388 1
388 389 1
389 390 1
390 391 1
391 392 1
392 393 1
393 394 1
394 395 1
395 396 1
396 397 1
397 398 1
398 399 1
399 400 1
400 401 1
401 402 1
402 403 1
403 404 1
404 405 1
405 406 1
406 407 1
407 408 1
408 409 1
409 410 1
410 411 1
411 412 1
412 413 1
413 414 1
414 415 1
415 416 1
416 417 1
417 418 1
418 419 1
419 420 1
420 421 1
421 422 1
422 423 1
423 424 1
424 425 1
425 426 1
426 427 1
427 428 1
428 429 1
429 430 1
430 431 1
431 432 1
432 433 1
433 434 1
434 435 1
435 436 1
436 437 1
437 438 1
438 439 1
439 440 1
440 441 1
441 442 1
442 443 1
443 444 1
444 445 1
445 446 1
446 447 1
447 448 1
448 449 1
449 450 1
450 451 1
451 452 1
452 453 1
453 454 1
454 455 1
455 456 1
456 457 1
457 458 1
458 459 1
459 460 1
460 461 1
461 462 1
462 463 1
463 464 1
464 465 1
465 466 1
466 467 1
467 468 1
468 469 1
469 470 1
470 471 1
471 472 1
472 473 1
473 474 1
474 475 1
475 476 1
476 477 1
477 478 1
478 479 1
479 480 1
480 481 1
481 482 1
482 483 1
483 484 1
484 485 1
485 486 1
486 487 1
487 488 1
488 489 1
489 490 1
490 491 1
491 492 1
492 493 1
493 494 1
494 495 1
495 496 1
496 497 1
497 498 1
498 499 1
499 500 1
500 501 1
501 502 1
502 503 1
503 504 1
504 505 1
505 506 1
506 507 1
507 508 1
508 509 1
509 510 1
510 511 1
511 512 1
512 513 1
513 514 1
514 515 1
515 516 1
516 517 1
517 518 1
518 519 1
519 520 1
520 521 1
521 522 1
522 523 1
523 524 1
524 525 1
525 526 1
526 527 1
527 528 1
528 529 1
529 530 1
530 531 1
531 532 1
532 533 1
533 534 1
534 535 1
535 536 1
536 537 1
537 538 1
538 539 1
539 540 1
540 541 1
541 542 1
542 543 1
543 544 1
544 545 1
545 546 1
546 547 1
547 548 1
548 549 1
549 550 1
550 551 1
551 552 1
552 553 1
553 554 1
554 555 1
555 556 1
556 557 1
557 558 1
558 559 1
559 560 1
560 561 1
561 562 1
562 563 1
563 564 1
564 565 1
565 566 1
566 567 1
567 568 1
568 569 1
569 570 1
570 571 1
571 572 1
572 573 1
573 574 1
574 575 1
575 576 1
576 577 1
577 578 1
578 579 1
579 580 1
580 581 1
581 582 1
582 583 1
583 584 1
584 585 1
585 586 1
586 587 1
587 588 1
588 589 1
589 590 1
590 591 1
591 592 1
592 593 1
593 594 1
594 595 1
595 596 1
596 597 1
597 598 1
598 599 1
599 600 1
600 601 1
601 602 1
602 603 1
603 604 1
604 605 1
605 606 1
606 607 1
607 608 1
608 609 1
609 610 1
610 611 1
611 612 1
612 613 1
613 614 1
614 615 1
615 616 1
616 617 1
617 618 1
618 619 1
619 620 1
620 621 1
621 622 1
622 623 1
623 624 1
624 625 1
625 626 1
626 627 1
627 628 1
628 629 1
629 630 1
630 631 1
631 632 1
632 633 1
633 634 1
634 635 1
635 636 1
636 637 1
637 638 1
638 639 1
639 640 1
640 641 1
641 642 1
642 643 1
643 644 1
644 645 1
645 646 1
646 647 1
647 648 1
648 649 1
649 650 1
650 651 1
651 652 1
652 653 1
653 654 1
654 655 1
655 656 1
656 657 1
657 658 1
658 659 1
659 660 1
660 661 1
661 662 1
662 663 1
663 664 1
664 665 1
665 666 1
666 667 1
667 668 1
668 669 1
669 670 1
670 671 1
671 672 1
672 673 1
673 674 1
674 675 1
675 676 1
676 677 1
677 678 1
678 679 1
679 680 1
680 681 1
681 682 1
682 683 1
683 684 1
684 685 1
685 686 1
686 687 1
687 688 1
688 689 1
689 690 1
690 691 1
691 692 1
692 693 1
693 694 1
694 695 1
695 696 1
696 697 1
697 698 1
698 699 1
699 700 1
700 701 1
701 702 1
702 703 1
703 704 1
704 705 1
705 706 1
706 707 1
707 708 1
708 709 1
709 710 1
710 711 1
711 712 1
712 713 1
713 714 1
714 715 1
715 716 1
716 717 1
717 718 1
718 719 1
719 720 1
720 721 1
721 722 1
722 723 1
723 724 1
724 725 1
725 726 1
726 727 1
727 728 1
728 729 1
729 730 1
730 731 1
731 732 1
732 733 1
733 734 1
734 735 1
735 736 1
736 737 1
737 738 1
738 739 1
739 740 1
740 741 1
741 742 1
742 743 1
743 744 1
744 745 1
745 746 1
746 747 1
747 748 1
748 749 1
749 750 1
750 751 1
751 752 1
752 753 1
753 754 1
754 755 1
755 756 1
756 757 1
757 758 1
758 759 1
759 760 1
760 761 1
761 762 1
762 763 1
763 764 1
764 765 1
765 766 1
766 767 1
767 768 1
768 769 1
769 770 1
770 771 1
771 772 1
772 773 1
773 774 1
774 775 1
775 776 1
776 777 1
777 778 1
778 779 1
779 780 1
780 781 1
781 782 1
782 783 1
783 784 1
784 785 1
785 786 1
786 787 1
787 788 1
788 789 1
789 790 1
790 791 1
791 792 1
792 793 1
793 794 1
794 795 1
795 796 1
796 797 1
797 798 1
798 799 1
799 800 1
800 801 1
801 802 1
802 803 1
803 804 1
804 805 1
805 806 1
806 807 1
807 808 1
808 809 1
809 810 1
810 811 1
811 812 1
812 813 1
813 814 1
814 815 1
815 816 1
816 817 1
817 818 1
818 819 1
819 820 1
820 821 1
821 822 1
822 823 1
823 824 1
824 825 1
825 826 1
826 827 1
827 828 1
828 829 1
829 830 1
830 831 1
831 832 1
832 833 1
833 834 1
834 835 1
835 836 1
836 837 1
837 838 1
838 839 1
839 840 1
840 841 1
841 842 1
842 843 1
843 844 1
844 845 1
845 846 1
846 847 1
847 848 1
848 849 1
849 850 1
850 851 1
851 852 1
852 853 1
853 854 1
854 855 1
855 856 1
856 857 1
857 858 1
858 859 1
859 860 1
860 861 1
861 862 1
862 863 1
863 864 1
864 865 1
865 866 1
866 867 1
867 868 1
868 869 1
869 870 1
870 871 1
871 872 1
872 873 1
873 874 1
874 875 1
875 876 1
876 877 1
877 878 1
878 879 1
879 880 1
880 881 1
881 882 1
882 883 1
883 884 1
884 885 1
885 886 1
886 887 1
887 888 1
888 889 1
889 890 1
890 891 1
891 892 1
892 893 1
893 894 1
894 895 1
895 896 1
896 897 1
897 898 1
898 899 1
899 900 1
900 901 1
901 902 1
902 903 1
903 904 1
904 905 1
905 906 1
906 907 1
907 908 1
908 909 1
909 910 1
910 911 1
911 912 1
912 913 1
913 914 1
914 915 1
915 916 1
916 917 1
917 918 1
918 919 1
919 920 1
920 921 1
921 922 1
922 923 1
923 924 1
924 925 1
925 926 1
926 927 1
927 928 1
928 929 1
929 930 1
930 931 1
931 932 1
932 933 1
933 934 1
934 935 1
935 936 1
936 937 1
937 938 1
938 939 1
939 940 1
940 941 1
941 942 1
942 943 1
943 944 1
944 945 1
945 946 1
946 947 1
947 948 1
948 949 1
949 950 1
950 951 1
951 952 1
952 953 1
953 954 1
954 955 1
955 956 1
956 957 1
957 958 1
958 959 1
959 960 1
960 961 1
961 962 1
962 963 1
963 964 1
964 965 1
965 966 1
966 967 1
967 968 1
968 969 1
969 970 1
970 971 1
971 972 1
972 973 1
973 974 1
974 975 1
975 976 1
976 977 1
977 978 1
978 979 1
979 980 1
980 981 1
981 982 1
982 983 1
983 984 1
984 985 1
985 986 1
986 987 1
987 988 1
988 989 1
989 990 1
990 991 1
991 992 1
992 993 1
993 994 1
994 995 1
995 996 1
996 997 1
997 998 1
998 999 1
999 1000 1
1 11 2
2 12 3
3 13 4
4 14 5
5 15 6
6 16 7
7 17 8
8 18 9
9 19 10
10 20 11
11 21 12
12 22 13
13 23 14
14 24 15
15 25 16
16 26 17
17 27 18
18 28 19
19 29 20
20 30 1
21 31 2
22 32 3
23 33 4
24 34 5
25 35 6
26 36 7
27 37 8
28 38 9
29 39 10
30 40 11
31 41 12
32 42 13
33 43 14
34 44 15
35 45 16
36 46 17
37 47 18
38 48 19
39 49 20
40 50 1
41 51 2
42 52 3
43 53 4
44 54 5
45 55 6
46 56 7
47 57 8
48 58 9
49 59 10
50 60 11
51 61 12
52 62 13
53 63 14
54 64 15
55 65 16
56 66 17
57 67 18
58 68 19
59 69 20
60 70 1
61 71 2
62 72 3
63 73 4
64 74 5
65 75 6
66 76 7
67 77 8
68 78 9
69 79 10
70 80 11
71 81 12
72 82 13
73 83 14
74 84 15
75 85 16
76 86 17
77 87 18
78 88 19
79 89 20
80 90 1
81 91 2
82 92 3
83 93 4
84 94 5
85 95 6
86 96 7
87 97 8
88 98 9
89 99 10
90 100 11
91 101 12
92 102 13
93 103 14
94 104 15
95 105 16
96 106 17
97 107 18
98 108 19
99 109 20
100 110 1
101 111 2
102 112 3
103 113 4
104 114 5
105 115 6
106 116 7
107 117 8
108 118 9
109 119 10
110 120 11
111 121 12
112 122 13
113 123 14
114 124 15
115 125 16
116 126 17
117 127 18
118 128 19
119 129 20
120 130 1
121 131 2
122 132 3
123 133 4
124 134 5
125 135 6
126 136 7
127 137 8
128 138 9
129 139 10
130 140 11
131 141 12
132 142 13
133 143 14
134 144 15
135 145 16
136 146 17
137 147 18
138 148 19
139 149 20
140 150 1
141 151 2
142 152 3
143 153 4
144 154 5
145 155 6
146 156 7
147 157 8
148 158 9
149 159 10
150 160 11
151 161 12
152 162 13
153 163 14
154 164 15
155 165 16
156 166 17
157 167 18
158 168 19
159 169 20
160 170 1
161 171 2
162 172 3
163 173 4
164 174 5
165 175 6
166 176 7
167 177 8
168 178 9
169 179 10
170 180 11
171 181 12
172 182 13
173 183 14
174 184 15
175 185 16
176 186 17
177 187 18
178 188 19
179 189 20
180 190 1
181 191 2
182 192 3
183 193 4
184 194 5
185 195 6
186 196 7
187 197 8
188 198 9
189 199 10
190 200 11
191 201 12
192 202 13
193 203 14
194 204 15
195 205 16
196 206 17
197 207 18
198 208 19
199 209 20
200 210 1
201 211 2
202 212 3
203 213 4
204 214 5
205 215 6
206 216 7
207 217 8
208 218 9
209 219 10
210 220 11
211 221 12
212 222 13
213 223 14
214 224 15
215 225 16
216 226 17
217 227 18
218 228 19
219 229 20
220 230 1
221 231 2
222 232 3
223 233 4
224 234 5
225 235 6
226 236 7
227 237 8
228 238 9
229 239 10
230 240 11
231 241 12
232 242 13
233 243 14
234 244 15
235 245 16
236 246 17
237 247 18
238 248 19
239 249 20
240 250 1
241 251 2
242 252 3
243 253 4
244 254 5
245 255 6
246 256 7
247 257 8
248 258 9
249 259 10
250 260 11
251 261 12
252 262 13
253 263 14
254 264 15
255 265 16
256 266 17
257 267 18
258 268 19
259 269 20
260 270 1
261 271 2
262 272 3
263 273 4
264 274 5
265 275 6
266 276 7
267 277 8
268 278 9
269 279 10
270 280 11
271 281 12
272 282 13
273 283 14
274 284 15
275 285 16
276 286 17
277 287 18
278 288 19
279 289 20
280 290 1
281 291 2
282 292 3
283 293 4
284 294 5
285 295 6
286 296 7
287 297 8
288 298 9
289 299 10
290 300 11
291 301 12
292 302 13
293 303 14
294 304 15
295 305 16
296 306 17
297 307 18
298 308 19
299 309 20
300 310 1
301 311 2
302 312 3
303 313 4
304 314 5
305 315 6
306 316 7
307 317 8
308 318 9
309 319 10
310 320 11
311 321 12
312 322 13
313 323 14
314 324 15
315 325 16
316 326 17
317 327 18
318 328 19
319 329 20
320 330 1
321 331 2
322 332 3
323 333 4
324 334 5
325 335 6
326 336 7
327 337 8
328 338 9
329 339 10
330 340 11
331 341 12
332 342 13
333 343 14
334 344 15
335 345 16
336 346 17
337 347 18
338 348 19
339 349 20
340 350 1
341 351 2
342 352 3
343 353 4
344 354 5
345 355 6
346 356 7
347 357 8
348 358 9
349 359 10
350 360 11
351 361 12
352 362 13
353 363 14
354 364 15
355 365 16
356 366 17
357 367 18
358 368 19
359 369 20
360 370 1
361 371 2
362 372 3
363 373 4
364 374 5
365 375 6
366 376 7
367 377 8
368 378 9
369 379 10
370 380 11
371 381 12
372 382 13
373 383 14
374 384 15
375 385 16
376 386 17
377 387 18
378 388 19
379 389 20
380 390 1
381 391 2
382 392 3
383 393 4
384 394 5
385 395 6
386 396 7
387 397 8
388 398 9
389 399 10
390 400 11
391 401 12
392 402 13
393 403 14
394 404 15
395 405 16
396 406 17
397 407 18
398 408 19
399 409 20
400 410 1
401 411 2
402 412 3
403 413 4
404 414 5
405 415 6
406 416 7
407 417 8
408 418 9
409 419 10
410 420 11
411 421 12
412 422 13
413 423 14
414 424 15
415 425 16
416 426 17
417 427 18
418 428 19
419 429 20
420 430 1
421 431 2
422 432 3
423 433 4
424 434 5
425 435 6
426 436 7
427 437 8
428 438 9
429 439 10
430 440 11
431 441 12
432 442 13
433 443 14
434 444 15
435 445 16
436 446 17
437 447 18
438 448 19
439 449 20
440 450 1
441 451 2
442 452 3
443 453 4
444 454 5
445 455 6
446 456 7
447 457 8
448 458 9
449 459 10
450 460 11
451 461 12
452 462 13
453 463 14
454 464 15
455 465 16
456 466 17
457 467 18
458 468 19
459 469 20
460 470 1
461 471 2
462 472 3
463 473 4
464 474 5
465 475 6
466 476 7
467 477 8
468 478 9
469 479 10
470 480 11
471 481 12
472 482 13
473 483 14
474 484 15
475 485 16
476 486 17
477 487 18
478 488 19
479 489 20
480 490 1
481 491 2
482 492 3
483 493 4
484 494 5
485 495 6
486 496 7
487 497 8
488 498 9
489 499 10
490 500 11
491 501 12
492 502 13
493 503 14
494 504 15
495 505 16
496 506 17
497 507 18
498 508 19
499 509 20
500 510 1
501 511 2
502 512 3
503 513 4
504 514 5
505 515 6
506 516 7
507 517 8
508 518 9
509 519 10
510 520 11
511 521 12
512 522 13
513 523 14
514 524 15
515 525 16
516 526 17
517 527 18
518 528 19
519 529 20
520 530 1
521 531 2
522 532 3
523 533 4
524 534 5
525 535 6
526 536 7
527 537 8
528 538 9
529 539 10
530 540 11
531 541 12
532 542 13
533 543 14
534 544 15
535 545 16
536 546 17
537 547 18
538 548 19
539 549 20
540 550 1
541 551 2
542 552 3
543 553 4
544 554 5
545 555 6
546 556 7
547 557 8
548 558 9
549 559 10
550 560 11
551 561 12
552 562 13
553 563 14
554 564 15
555 565 16
556 566 17
557 567 18
558 568 19
559 569 20
560 570 1
561 571 2
562 572 3
563 573 4
564 574 5
565 575 6
566 576 7
567 577 8
568 578 9
569 579 10
570 580 11
571 581 12
572 582 13
573 583 14
574 584 15
575 585 16
576 586 17
577 587 18
578 588 19
579 589 20
580 590 1
581 591 2
582 592 3
583 593 4
584 594 5
585 595 6
586 596 7
587 597 8
588 598 9
589 599 10
590 600 11
591 601 12
592 602 13
593 603 14
594 604 15
595 605 16
596 606 17
597 607 18
598 608 19
599 609 20
600 610 1
601 611 2
602 612 3
603 613 4
604 614 5
605 615 6
606 616 7
607 617 8
608 618 9
609 619 10
610 620 11
611 621 12
612 622 13
613 623 14
614 624 15
615 625 16
616 626 17
617 627 18
618 628 19
619 629 20
620 630 1
621 631 2
622 632 3
623 633 4
624 634 5
625 635 6
626 636 7
627 637 8
628 638 9
629 639 10
630 640 11
631 641 12
632 642 13
633 643 14
634 644 15
635 645 16
636 646 17
637 647 18
638 648 19
639 649 20
640 650 1
641 651 2
642 652 3
643 653 4
644 654 5
645 655 6
646 656 7
647 657 8
648 658 9
649 659 10
650 660 11
651 661 12
652 662 13
653 663 14
654 664 15
655 665 16
656 666 17
657 667 18
658 668 19
659 669 20
660 670 1
661 671 2
662 672 3
663 673 4
664 674 5
665 675 6
666 676 7
667 677 8
668 678 9
669 679 10
670 680 11
671 681 12
672 682 13
673 683 14
674 684 15
675 685 16
676 686 17
677 687 18
678 688 19
679 689 20
680 690 1
681 691 2
682 692 3
683 693 4
684 694 5
685 695 6
686 696 7
687 697 8
688 698 9
689 699 10
690 700 11
691 701 12
692 702 13
693 703 14
694 704 15
695 705 16
696 706 17
697 707 18
698 708 19
699 709 20
700 710 1
701 711 2
702 712 3
703 713 4
704 714 5
705 715 6
706 716 7
707 717 8
708 718 9
709 719 10
710 720 11
711 721 12
712 722 13
713 723 14
714 724 15
715 725 16
716 726 17
717 727 18
718 728 19
719 729 20
720 730 1
721 731 2
722 732 3
723 733 4
724 734 5
725 735 6
726 736 7
727 737 8
728 738 9
729 739 10
730 740 11
731 741 12
732 742 13
733 743 14
734 744 15
735 745 16
736 746 17
737 747 18
738 748 19
739 749 20
740 750 1
741 751 2
742 752 3
743 753 4
744 754 5
745 755 6
746 756 7
747 757 8
748 758 9
749 759 10
750 760 11
751 761 12
752 762 13
753 763 14
754 764 15
755 765 16
756 766 17
757 767 18
758 768 19
759 769 20
760 770 1
761 771 2
762 772 3
763 773 4
764 774 5
765 775 6
766 776 7
767 777 8
768 778 9
769 779 10
770 780 11
771 781 12
772 782 13
773 783 14
774 784 15
775 785 16
776 786 17
777 787 18
778 788 19
779 789 20
780 790 1
781 791 2
782 792 3
783 793 4
784 794 5
785 795 6
786 796 7
787 797 8
788 798 9
789 799 10
790 800 11
791 801 12
792 802 13
793 803 14
794 804 15
795 805 16
796 806 17
797 807 18
798 808 19
799 809 20
800 810 1
801 811 2
802 812 3
803 813 4
804 814 5
805 815 6
806 816 7
807 817 8
808 818 9
809 819 10
810 820 11
811 821 12
812 822 13
813 823 14
814 824 15
815 825 16
816 826 17
817 827 18
818 828 19
819 829 20
820 830 1
821 831 2
822 832 3
823 833 4
824 834 5
825 835 6
826 836 7
827 837 8
828 838 9
829 839 10
830 840 11
831 841 12
832 842 13
833 843 14
834 844 15
835 845 16
836 846 17
837 847 18
838 848 19
839 849 20
840 850 1
841 851 2
842 852 3
843 853 4
844 854 5
845 855 6
846 856 7
847 857 8
848 858 9
849 859 10
850 860 11
851 861 12
852 862 13
853 863 14
854 864 15
855 865 16
856 866 17
857 867 18
858 868 19
859 869 20
860 870 1
861 871 2
862 872 3
863 873 4
864 874 5
865 875 6
866 876 7
867 877 8
868 878 9
869 879 10
870 880 11
871 881 12
872 882 13
873 883 14
874 884 15
875 885 16
876 886 17
877 887 18
878 888 19
879 889 20
880 890 1
881 891 2
882 892 3
883 893 4
884 894 5
885 895 6
886 896 7
887 897 8
888 898 9
889 899 10
890 900 11
891 901 12
892 902 13
893 903 14
894 904 15
895 905 16
896 906 17
897 907 18
898 908 19
899 909 20
900 910 1
901 911 2
902 912 3
903 913 4
904 914 5
905 915 6
906 916 7
907 917 8
908 918 9
909 919 10
910 920 11
911 921 12
912 922 13
913 923 14
914 924 15
915 925 16
916 926 17
917 927 18
918 928 19
919 929 20
920 930 1
921 931 2
922 932 3
923 933 4
924 934 5
925 935 6
926 936 7
927 937 8
928 938 9
929 939 10
930 940 11
931 941 12
932 942 13
933 943 14
934 944 15
935 945 16
936 946 17
937 947 18
938 948 19
939 949 20
940 950 1
941 951 2
942 952 3
943 953 4
944 954 5
945 955 6
946 956 7
947 957 8
948 958 9
949 959 10
950 960 11
951 961 12
952 962 13
953 963 14
954 964 15
955 965 16
956 966 17
957 967 18
958 968 19
959 969 20
960 970 1
961 971 2
962 972 3
963 973 4
964 974 5
965 975 6
966 976 7
967 977 8
968 978 9
969 979 10
970 980 11
971 981 12
972 982 13
973 983 14
974 984 15
975 985 16
976 986 17
977 987 18
978 988 19
979 989 20
980 990 1
981 991 2
982 992 3
983 993 4
984 994 5
985 995 6
986 996 7
987 997 8
988 998 9
989 999 10
990 1000 11
991 1 12
992 2 13
993 3 14
994 4 15
995 5 16
996 6 17
997 7 18
998 8 19
999 9 20
1000 10 1
1 1000 6
2 999 7
3 998 8
4 997 9
5 996 10
6 995 11
7 994 12
8 993 13
9 992 14
10 991 15
11 990 16
12 989 17
13 988 18
14 987 19
15 986 20
16 985 21
17 984 22
18 983 23
19 982 24
20 981 25
21 980 26
22 979 27
23 978 28
24 977 29
25 976 30
26 975 31
27 974 32
28 973 33
29 972 34
30 971 35
31 970 36
32 969 37
33 968 38
34 967 39
35 966 40
36 965 41
37 964 42
38 963 43
39 962 44
40 961 45
41 960 46
42 959 47
43 958 48
44 957 49
45 956 50
46 955 51
47 954 52
48 953 53
49 952 54
50 951 5
51 950 6
52 949 7
53 948 8
54 947 9
55 946 10
56 945 11
57 944 12
58 943 13
59 942 14
60 941 15
61 940 16
62 939 17
63 938 18
64 937 19
65 936 20
66 935 21
67 934 22
68 933 23
69 932 24
70 931 25
71 930 26
72 929 27
73 928 28
74 927 29
75 926 30
76 925 31
77 924 32
78 923 33
79 922 34
80 921 35
81 920 36
82 919 37
83 918 38
84 917 39
85 916 40
86 915 41
87 914 42
88 913 43
89 912 44
90 911 45
91 910 46
92 909 47
93 908 48
94 907 49
95 906 50
96 905 51
97 904 52
98 903 53
99 902 54
100 901 5
101 900 6
102 899 7
103 898 8
104 897 9
105 896 10
106 895 11
107 894 12
108 893 13
109 892 14
110 891 15
111 890 16
112 889 17
113 888 18
114 887 19
115 886 20
116 885 21
117 884 22
118 883 23
119 882 24
120 881 25
121 880 26
122 879 27
123 878 28
124 877 29
125 876 30
126 875 31
127 874 32
128 873 33
129 872 34
130 871 35
131 870 36
132 869 37
133 868 38
134 867 39
135 866 40
136 865 41
137 864 42
138 863 43
139 862 44
140 861 45
141 860 46
142 859 47
143 858 48
144 857 49
145 856 50
146 855 51
147 854 52
148 853 53
149 852 54
150 851 5
151 850 6
152 849 7
153 848 8
154 847 9
155 846 10
156 845 11
157 844 12
158 843 13
159 842 14
160 841 15
161 840 16
162 839 17
163 838 18
164 837 19
165 836 20
166 835 21
167 834 22
168 833 23
169 832 24
170 831 25
171 830 26
172 829 27
173 828 28
174 827 29
175 826 30
176 825 31
177 824 32
178 823 33
179 822 34
180 821 35
181 820 36
182 819 37
183 818 38
184 817 39
185 816 40
186 815 41
187 814 42
188 813 43
189 812 44
190 811 45
191 810 46
192 809 47
193 808 48
194 807 49
195 806 50
196 805 51
197 804 52
198 803 53
199 802 54
200 801 5
201 800 6
202 799 7
203 798 8
204 797 9
205 796 10
206 795 11
207 794 12
208 793 13
209 792 14
210 791 15
211 790 16
212 789 17
213 788 18
214 787 19
215 786 20
216 785 21
217 784 22
218 783 23
219 782 24
220 781 25
221 780 26
222 779 27
223 778 28
224 777 29
225 776 30
226 775 31
227 774 32
228 773 33
229 772 34
230 771 35
231 770 36
232 769 37
233 768 38
234 767 39
235 766 40
236 765 41
237 764 42
238 763 43
239 762 44
240 761 45
241 760 46
242 759 47
243 758 48
244 757 49
245 756 50
246 755 51
247 754 52
248 753 53
249 752 54
250 751 5
251 750 6
252 749 7
253 748 8
254 747 9
255 746 10
256 745 11
257 744 12
258 743 13
259 742 14
260 741 15
261 740 16
262 739 17
263 738 18
264 737 19
265 736 20
266 735 21
267 734 22
268 733 23
269 732 24
270 731 25
271 730 26
272 729 27
273 728 28
274 727 29
275 726 30
276 725 31
277 724 32
278 723 33
279 722 34
280 721 35
281 720 36
282 719 37
283 718 38
284 717 39
285 716 40
286 715 41
287 714 42
288 713 43
289 712 44
290 711 45
291 710 46
292 709 47
293 708 48
294 707 49
295 706 50
296 705 51
297 704 52
298 703 53
299 702 54
300 701 5
301 700 6
302 699 7
303 698 8
304 697 9
305 696 10
306 695 11
307 694 12
308 693 13
309 692 14
310 691 15
311 690 16
312 689 17
313 688 18
314 687 19
315 686 20
316 685 21
317 684 22
318 683 23
319 682 24
320 681 25
321 680 26
322 679 27
323 678 28
324 677 29
325 676 30
326 675 31
327 674 32
328 673 33
329 672 34
330 671 35
331 670 36
332 669 37
333 668 38
334 667 39
335 666 40
336 665 41
337 664 42
338 663 43
339 662 44
340 661 45
341 660 46
342 659 47
343 658 48
344 657 49
345 656 50
346 655 51
347 654 52
348 653 53
349 652 54
350 651 5
351 650 6
352 649 7
353 648 8
354 647 9
355 646 10
356 645 11
357 644 12
358 643 13
359 642 14
360 641 15
361 640 16
362 639 17
363 638 18
364 637 19
365 636 20
366 635 21
367 634 22
368 633 23
369 632 24
370 631 25
371 630 26
372 629 27
373 628 28
374 627 29
375 626 30
376 625 31
377 624 32
378 623 33
379 622 34
380 621 35
381 620 36
382 619 37
383 618 38
384 617 39
385 616 40
386 615 41
387 614 42
388 613 43
389 612 44
390 611 45
391 610 46
392 609 47
393 608 48
394 607 49
395 606 50
396 605 51
397 604 52
398 603 53
399 602 54
400 601 5
401 600 6
402 599 7
403 598 8
404 597 9
405 596 10
406 595 11
407 594 12
408 593 13
409 592 14
410 591 15
411 590 16
412 589 17
413 588 18
414 587 19
415 586 20
416 585 21
417 584 22
418 583 23
419 582 24
420 581 25
421 580 26
422 579 27
423 578 28
424 577 29
425 576 30
426 575 31
427 574 32
428 573 33
429 572 34
430 571 35
431 570 36
432 569 37
433 568 38
434 567 39
435 566 40
436 565 41
437 564 42
438 563 43
439 562 44
440 561 45
441 560 46
442 559 47
443 558 48
444 557 49
445 556 50
446 555 51
447 554 52
448 553 53
449 552 54
450 551 5
451 550 6
452 549 7
453 548 8
454 547 9
455 546 10
456 545 11
457 544 12
458 543 13
459 542 14
460 541 15
461 540 16
462 539 17
463 538 18
464 537 19
465 536 20
466 535 21
467 534 22
468 533 23
469 532 24
470 531 25
471 530 26
472 529 27
473 528 28
474 527 29
475 526 30
476 525 31
477 524 32
478 523 33
479 522 34
480 521 35
481 520 36
482 519 37
483 518 38
484 517 39
485 516 40
486 515 41
487 514 42
488 513 43
489 512 44
490 511 45
491 510 46
492 509 47
493 508 48
494 507 49
495 506 50
496 505 51
497 504 52
498 503 53
499 502 54
500 501 5
1 4 2
2 7 3
3 10 4
4 13 5
5 16 6
6 19 7
7 22 8
8 25 9
9 28 10
10 31 11
11 34 12
12 37 13
13 40 14
14 43 15
15 46 1
16 49 2
17 52 3
18 55 4
19 58 5
20 61 6
21 64 7
22 67 8
23 70 9
24 73 10
25 76 11
26 79 12
27 82 13
28 85 14
29 88 15
30 91 1
31 94 2
32 97 3
33 100 4
34 103 5
35 106 6
36 109 7
37 112 8
38 115 9
39 118 10
40 121 11
41 124 12
42 127 13
43 130 14
44 133 15
45 136 1
46 139 2
47 142 3
48 145 4
49 148 5
50 151 6
51 154 7
52 157 8
53 160 9
54 163 10
55 166 11
56 169 12
57 172 13
58 175 14
59 178 15
60 181 1
61 184 2
62 187 3
63 190 4
64 193 5
65 196 6
66 199 7
67 202 8
68 205 9
69 208 10
70 211 11
71 214 12
72 217 13
73 220 14
74 223 15
75 226 1
76 229 2
77 232 3
78 235 4
79 238 5
80 241 6
81 244 7
82 247 8
83 250 9
84 253 10
85 256 11
86 259 12
87 262 13
88 265 14
89 268 15
90 271 1
91 274 2
92 277 3
93 280 4
94 283 5
95 286 6
96 289 7
97 292 8
98 295 9
99 298 10
100 301 11
101 304 12
102 307 13
103 310 14
104 313 15
105 316 1
106 319 2
107 322 3
108 325 4
109 328 5
110 331 6
111 334 7
112 337 8
113 340 9
114 343 10
115 346 11
116 349 12
117 352 13
118 355 14
119 358 15
120 361 1
121 364 2
122 367 3
123 370 4
124 373 5
125 376 6
126 379 7
127 382 8
128 385 9
129 388 10
130 391 11
131 394 12
132 397 13
133 400 14
134 403 15
135 406 1
136 409 2
137 412 3
138 415 4
139 418 5
140 421 6
141 424 7
142 427 8
143 430 9
144 433 10
145 436 11
146 439 12
147 442 13
148 445 14
149 448 15
150 451 1
151 454 2
152 457 3
153 460 4
154 463 5
155 466 6
156 469 7
157 472 8
158 475 9
159 478 10
160 481 11
161 484 12
162 487 13
163 490 14
164 493 15
165 496 1
166 499 2
167 502 3
168 505 4
169 508 5
170 511 6
171 514 7
172 517 8
173 520 9
174 523 10
175 526 11
176 529 12
177 532 13
178 535 14
179 538 15
180 541 1
181 544 2
182 547 3
183 550 4
184 553 5
185 556 6
186 559 7
187 562 8
188 565 9
189 568 10
190 571 11
191 574 12
192 577 13
193 580 14
194 583 15
195 586 1
196 589 2
197 592 3
198 595 4
199 598 5
200 601 6
201 604 7
202 607 8
203 610 9
204 613 10
205 616 11
206 619 12
207 622 13
208 625 14
209 628 15
210 631 1
211 634 2
212 637 3
213 640 4
214 643 5
215 646 6
216 649 7
217 652 8
218 655 9
219 658 10
220 661 11
221 664 12
222 667 13
223 670 14
224 673 15
225 676 1
226 679 2
227 682 3
228 685 4
229 688 5
230 691 6
231 694 7
232 697 8
233 700 9
234 703 10
235 706 11
236 709 12
237 712 13
238 715 14
239 718 15
240 721 1
241 724 2
242 727 3
243 730 4
244 733 5
245 736 6
246 739 7
247 742 8
248 745 9
249 748 10
250 751 11
251 754 12
252 757 13
253 760 14
254 763 15
255 766 1
256 769 2
257 772 3
258 775 4
259 778 5
260 781 6
261 784 7
262 787 8
263 790 9
264 793 10
265 796 11
266 799 12
267 802 13
268 805 14
269 808 15
270 811 1
271 814 2
272 817 3
273 820 4
274 823 5
275 826 6
276 829 7
277 832 8
278 835 9
279 838 10
280 841 11
281 844 12
282 847 13
283 850 14
284 853 15
285 856 1
286 859 2
287 862 3
288 865 4
289 868 5
290 871 6
291 874 7
292 877 8
293 880 9
294 883 10
295 886 11
296 889 12
297 892 13
298 895 14
299 898 15
300 901 1
301 904 2
302 907 3
303 910 4
304 913 5
305 916 6
306 919 7
307 922 8
308 925 9
309 928 10
310 931 11
311 934 12
312 937 13
313 940 14
314 943 15
315 946 1
316 949 2
317 952 3
318 955 4
319 958 5
320 961 6
321 964 7
322 967 8
323 970 9
324 973 10
325 976 11
326 979 12
327 982 13
328 985 14
329 988 15
330 991 1
331 994 2
332 997 3
333 1000 4
334 3 5
335 6 6
336 9 7
337 12 8
338 15 9
339 18 10
340 21 11
341 24 12
342 27 13
343 30 14
344 33 15
345 36 1
346 39 2
347 42 3
348 45 4
349 48 5
350 51 6
351 54 7
352 57 8
353 60 9
354 63 10
355 66 11
356 69 12
357 72 13
358 75 14
359 78 15
360 81 1
361 84 2
362 87 3
363 90 4
364 93 5
365 96 6
366 99 7
367 102 8
368 105 9
369 108 10
370 111 11
371 114 12
372 117 13
373 120 14
374 123 15
375 126 1
376 129 2
377 132 3
378 135 4
379 138 5
380 141 6
381 144 7
382 147 8
383 150 9
384 153 10
385 156 11
386 159 12
387 162 13
388 165 14
389 168 15
390 171 1
391 174 2
392 177 3
393 180 4
394 183 5
395 186 6
396 189 7
397 192 8
398 195 9
399 198 10
400 201 11
401 204 12
402 207 13
403 210 14
404 213 15
405 216 1
406 219 2
407 222 3
408 225 4
409 228 5
410 231 6
411 234 7
412 237 8
413 240 9
414 243 10
415 246 11
416 249 12
417 252 13
418 255 14
419 258 15
420 261 1
421 264 2
422 267 3
423 270 4
424 273 5
425 276 6
426 279 7
427 282 8
428 285 9
429 288 10
430 291 11
431 294 12
432 297 13
433 300 14
434 303 15
435 306 1
436 309 2
437 312 3
438 315 4
439 318 5
440 321 6
441 324 7
442 327 8
443 330 9
444 333 10
445 336 11
446 339 12
447 342 13
448 345 14
449 348 15
450 351 1
451 354 2
452 357 3
453 360 4
454 363 5
455 366 6
456 369 7
457 372 8
458 375 9
459 378 10
460 381 11
461 384 12
462 387 13
463 390 14
464 393 15
465 396 1
466 399 2
467 402 3
468 405 4
469 408 5
470 411 6
471 414 7
472 417 8
473 420 9
474 423 10
475 426 11
476 429 12
477 432 13
478 435 14
479 438 15
480 441 1
481 444 2
482 447 3
483 450 4
484 453 5
485 456 6
486 459 7
487 462 8
488 465 9
489 468 10
490 471 11
491 474 12
492 477 13
493 480 14
494 483 15
495 486 1
496 489 2
497 492 3
498 495 4
499 498 5
500 501 6
